Integers: 757796828 -450428701 -1009959195 1351294764 -791410976
Doubles: 0.5699070198391 0.2978634838513603 0.4643200752984805 0.7787403408412359 0.7398684869382325
Integers: 321647605 -302049132 -1797108245 -68366440 -2021413938
Doubles: 0.8116144118126267 0.7917072608595015 0.7199231453361321 0.9345022335176586 0.4648523360133573
